100 10
87 17 81 46 66 92 38 12 52 85
93 11 81 19 61 39 64 12 5 87
85 97 0 92 21 65 18 63 27 8
29 79 80 70 39 34 19 29 75 47
4 27 26 24 96 63 52 42 8 19
72 11 6 55 13 61 49 12 34 73
80 88 54 65 40 3 53 59 4 0
31 79 31 11 27 83 7 26 50 35
12 0 60 22 54 65 34 22 97 45
8 31 53 73 42 87 98 30 90 90
96 42 79 36 72 52 79 97 49 12
89 54 77 58 89 83 99 9 4 16
37 17 92 70 37 73 89 54 6 12
26 30 80 84 34 85 63 41 95 69
86 0 15 88 16 28 44 14 44 45
2 27 64 2 35 49 61 88 64 10
0 14 96 22 59 77 96 18 21 75
21 14 69 30 33 33 28 81 30 81
17 33 22 66 24 65 74 23 65 27
28 86 22 4 88 92 26 56 54 38
30 2 66 17 70 51 47 69 43 17
69 60 25 65 54 42 21 33 18 33
24 6 24 86 1 83 11 30 97 71
70 23 58 47 27 62 23 16 21 52
5 58 48 90 53 59 69 95 20 32
96 0 5 21 37 79 92 42 24 3
23 42 19 24 95 98 69 83 67 42
57 52 87 78 83 52 22 74 4 85
13 57 12 40 53 6 33 40 65 73
10 64 5 38 89 4 81 32 94 61
60 14 37 12 91 11 99 79 37 14
96 69 84 51 77 95 81 67 52 86
81 6 17 31 45 35 44 95 88 11
56 63 42 6 45 22 14 51 91 68
6 24 15 4 91 83 38 9 47 66
11 86 44 2 21 20 83 13 86 57
45 17 1 72 17 20 64 32 36 16
13 29 45 51 82 16 87 91 70 99
44 17 85 7 15 99 56 87 20 72
50 77 79 16 8 73 45 28 32 25
73 73 20 41 95 99 77 15 72 52
64 36 62 92 37 89 88 92 96 0
41 93 71 80 88 53 10 37 15 29
49 72 70 82 14 10 76 47 62 44
14 29 0 65 22 10 5 68 27 31
78 46 85 48 11 32 59 44 49 27
66 37 0 22 66 83 61 80 55 76
40 94 97 83 15 59 19 87 78 80
61 43 71 55 18 63 45 5 88 29
78 1 47 75 24 69 99 9 44 65
49 78 89 42 61 4 51 86 55 50
23 91 77 36 52 0 21 21 5 87
33 31 38 68 22 43 12 14 26 54
23 17 89 27 1 32 7 8 90 95
75 12 23 13 73 58 89 97 98 9
53 29 71 25 78 27 89 22 7 39
27 78 61 77 59 62 93 63 61 42
36 25 91 57 69 94 76 80 60 30
3 61 32 5 15 48 67 50 49 54
71 23 17 45 61 81 67 35 70 55
33 43 32 72 63 67 9 23 34 34
90 63 54 21 73 41 18 96 8 59
65 98 32 88 14 88 50 48 52 78
19 32 39 96 40 37 7 81 16 2
19 50 4 85 25 41 70 7 4 25
21 70 92 72 34 87 92 93 51 10
53 9 46 33 77 93 94 70 49 9
80 62 81 57 18 94 0 77 77 44
5 94 54 37 97 83 53 89 87 51
74 28 37 55 60 33 77 14 41 25
11 82 6 20 33 14 29 33 40 58
80 51 69 86 14 15 96 33 21 57
77 64 5 75 28 42 54 49 50 91
79 75 71 12 71 43 34 54 5 19
97 16 78 79 82 27 28 61 87 26
94 27 72 58 59 78 69 2 20 76
80 33 48 10 65 42 84 24 88 73
36 4 72 32 83 33 35 74 47 7
81 86 30 65 41 19 99 23 63 93
53 43 22 41 87 13 93 48 52 20
64 17 18 31 24 87 25 40 99 1
58 94 86 77 65 26 23 79 82 25
37 36 79 34 63 15 84 25 22 48
97 29 1 13 56 31 17 56 77 38
98 82 9 61 62 92 75 45 38 94
66 64 74 74 18 84 54 30 16 56
17 69 13 53 7 34 6 68 79 56
65 50 79 2 86 92 35 9 11 35
43 37 0 27 63 10 30 92 9 74
58 37 63 68 85 7 64 7 23 62
13 96 37 97 52 35 47 53 29 43
74 79 44 63 54 8 46 17 38 52
94 7 4 22 29 59 33 53 54 26
45 5 24 42 84 97 97 44 82 94
55 22 1 3 45 24 74 72 63 76
58 67 24 75 34 7 19 39 65 51
49 84 95 18 91 16 80 69 87 40
75 47 10 22 96 25 72 44 35 90
58 28 42 8 59 68 59 30 37 57
29 16 57 76 73 19 13 71 31 9
